{
 "cells": [
  {
   "cell_type": "markdown",
   "metadata": {},
   "source": [
    "# Charles Schwab 效率前緣"
   ]
  },
  {
   "cell_type": "markdown",
   "metadata": {},
   "source": [
    "#### 1. 匯入Robo Advisor的資產池"
   ]
  },
  {
   "cell_type": "code",
   "execution_count": 1,
   "metadata": {},
   "outputs": [],
   "source": [
    "import pandas as pd\n",
    "import numpy as np\n",
    "import statsmodels.api as sm\n",
    "import scipy.stats as scs\n",
    "import scipy.optimize as sco\n",
    "import matplotlib.pyplot as plt\n",
    "import pandas_datareader.data as web\n",
    "import datetime"
   ]
  },
  {
   "cell_type": "markdown",
   "metadata": {},
   "source": [
    "- 資產池內容(19)\n",
    "<br/>SCHX, FNDX, SCHA, FNDA, SCHF, FNDF, SCHC, FNDC, SCHE, FNDE, SCHR, VMBS, SCHP, BNDX, SHYG, EMLC, SCHH, VNQI, IAU"
   ]
  },
  {
   "cell_type": "code",
   "execution_count": 2,
   "metadata": {
    "scrolled": true
   },
   "outputs": [
    {
     "data": {
      "text/html": [
       "<div>\n",
       "<style scoped>\n",
       "    .dataframe tbody tr th:only-of-type {\n",
       "        vertical-align: middle;\n",
       "    }\n",
       "\n",
       "    .dataframe tbody tr th {\n",
       "        vertical-align: top;\n",
       "    }\n",
       "\n",
       "    .dataframe thead th {\n",
       "        text-align: right;\n",
       "    }\n",
       "</style>\n",
       "<table border=\"1\" class=\"dataframe\">\n",
       "  <thead>\n",
       "    <tr style=\"text-align: right;\">\n",
       "      <th></th>\n",
       "      <th>SCHX</th>\n",
       "      <th>FNDX</th>\n",
       "      <th>SCHA</th>\n",
       "      <th>FNDA</th>\n",
       "      <th>SCHF</th>\n",
       "      <th>FNDF</th>\n",
       "      <th>SCHC</th>\n",
       "      <th>FNDC</th>\n",
       "      <th>SCHE</th>\n",
       "      <th>FNDE</th>\n",
       "      <th>SCHR</th>\n",
       "      <th>VMBS</th>\n",
       "      <th>SCHP</th>\n",
       "      <th>BNDX</th>\n",
       "      <th>SHYG</th>\n",
       "      <th>EMLC</th>\n",
       "      <th>SCHH</th>\n",
       "      <th>VNQI</th>\n",
       "      <th>IAU</th>\n",
       "    </tr>\n",
       "    <tr>\n",
       "      <th>Date</th>\n",
       "      <th></th>\n",
       "      <th></th>\n",
       "      <th></th>\n",
       "      <th></th>\n",
       "      <th></th>\n",
       "      <th></th>\n",
       "      <th></th>\n",
       "      <th></th>\n",
       "      <th></th>\n",
       "      <th></th>\n",
       "      <th></th>\n",
       "      <th></th>\n",
       "      <th></th>\n",
       "      <th></th>\n",
       "      <th></th>\n",
       "      <th></th>\n",
       "      <th></th>\n",
       "      <th></th>\n",
       "      <th></th>\n",
       "    </tr>\n",
       "  </thead>\n",
       "  <tbody>\n",
       "    <tr>\n",
       "      <th>2015-03-31</th>\n",
       "      <td>44.870914</td>\n",
       "      <td>26.858606</td>\n",
       "      <td>53.483742</td>\n",
       "      <td>28.940458</td>\n",
       "      <td>26.504255</td>\n",
       "      <td>23.257940</td>\n",
       "      <td>26.512918</td>\n",
       "      <td>24.449413</td>\n",
       "      <td>21.360584</td>\n",
       "      <td>20.836224</td>\n",
       "      <td>49.515152</td>\n",
       "      <td>47.335659</td>\n",
       "      <td>50.619335</td>\n",
       "      <td>47.938328</td>\n",
       "      <td>37.233822</td>\n",
       "      <td>30.051247</td>\n",
       "      <td>35.317154</td>\n",
       "      <td>44.414474</td>\n",
       "      <td>11.45</td>\n",
       "    </tr>\n",
       "    <tr>\n",
       "      <th>2015-04-01</th>\n",
       "      <td>44.671776</td>\n",
       "      <td>26.706411</td>\n",
       "      <td>53.437302</td>\n",
       "      <td>28.791235</td>\n",
       "      <td>26.662069</td>\n",
       "      <td>23.424070</td>\n",
       "      <td>26.618404</td>\n",
       "      <td>24.422428</td>\n",
       "      <td>21.685022</td>\n",
       "      <td>21.119106</td>\n",
       "      <td>49.704853</td>\n",
       "      <td>47.405716</td>\n",
       "      <td>50.969593</td>\n",
       "      <td>47.952518</td>\n",
       "      <td>37.246014</td>\n",
       "      <td>30.292789</td>\n",
       "      <td>35.221355</td>\n",
       "      <td>44.848595</td>\n",
       "      <td>11.65</td>\n",
       "    </tr>\n",
       "    <tr>\n",
       "      <th>2015-04-02</th>\n",
       "      <td>44.843769</td>\n",
       "      <td>26.858606</td>\n",
       "      <td>53.604496</td>\n",
       "      <td>28.977760</td>\n",
       "      <td>26.890026</td>\n",
       "      <td>23.642658</td>\n",
       "      <td>26.917292</td>\n",
       "      <td>24.728268</td>\n",
       "      <td>21.991930</td>\n",
       "      <td>21.561115</td>\n",
       "      <td>49.622768</td>\n",
       "      <td>47.414589</td>\n",
       "      <td>50.849758</td>\n",
       "      <td>47.863811</td>\n",
       "      <td>37.246014</td>\n",
       "      <td>30.427837</td>\n",
       "      <td>35.526188</td>\n",
       "      <td>45.140636</td>\n",
       "      <td>11.62</td>\n",
       "    </tr>\n",
       "    <tr>\n",
       "      <th>2015-04-06</th>\n",
       "      <td>45.115326</td>\n",
       "      <td>27.046616</td>\n",
       "      <td>53.864571</td>\n",
       "      <td>29.136316</td>\n",
       "      <td>27.170584</td>\n",
       "      <td>23.896225</td>\n",
       "      <td>27.304087</td>\n",
       "      <td>25.088083</td>\n",
       "      <td>22.272528</td>\n",
       "      <td>21.817480</td>\n",
       "      <td>49.723103</td>\n",
       "      <td>47.458961</td>\n",
       "      <td>50.969593</td>\n",
       "      <td>47.961384</td>\n",
       "      <td>37.291721</td>\n",
       "      <td>30.907961</td>\n",
       "      <td>35.909397</td>\n",
       "      <td>45.606331</td>\n",
       "      <td>11.76</td>\n",
       "    </tr>\n",
       "    <tr>\n",
       "      <th>2015-04-07</th>\n",
       "      <td>45.015751</td>\n",
       "      <td>26.974993</td>\n",
       "      <td>53.567337</td>\n",
       "      <td>28.977760</td>\n",
       "      <td>27.153049</td>\n",
       "      <td>23.948683</td>\n",
       "      <td>27.181015</td>\n",
       "      <td>24.980141</td>\n",
       "      <td>22.211147</td>\n",
       "      <td>21.755598</td>\n",
       "      <td>49.695751</td>\n",
       "      <td>47.476700</td>\n",
       "      <td>51.117054</td>\n",
       "      <td>47.925911</td>\n",
       "      <td>37.314579</td>\n",
       "      <td>30.727909</td>\n",
       "      <td>35.282314</td>\n",
       "      <td>45.527401</td>\n",
       "      <td>11.70</td>\n",
       "    </tr>\n",
       "  </tbody>\n",
       "</table>\n",
       "</div>"
      ],
      "text/plain": [
       "                 SCHX       FNDX       SCHA       FNDA       SCHF       FNDF  \\\n",
       "Date                                                                           \n",
       "2015-03-31  44.870914  26.858606  53.483742  28.940458  26.504255  23.257940   \n",
       "2015-04-01  44.671776  26.706411  53.437302  28.791235  26.662069  23.424070   \n",
       "2015-04-02  44.843769  26.858606  53.604496  28.977760  26.890026  23.642658   \n",
       "2015-04-06  45.115326  27.046616  53.864571  29.136316  27.170584  23.896225   \n",
       "2015-04-07  45.015751  26.974993  53.567337  28.977760  27.153049  23.948683   \n",
       "\n",
       "                 SCHC       FNDC       SCHE       FNDE       SCHR       VMBS  \\\n",
       "Date                                                                           \n",
       "2015-03-31  26.512918  24.449413  21.360584  20.836224  49.515152  47.335659   \n",
       "2015-04-01  26.618404  24.422428  21.685022  21.119106  49.704853  47.405716   \n",
       "2015-04-02  26.917292  24.728268  21.991930  21.561115  49.622768  47.414589   \n",
       "2015-04-06  27.304087  25.088083  22.272528  21.817480  49.723103  47.458961   \n",
       "2015-04-07  27.181015  24.980141  22.211147  21.755598  49.695751  47.476700   \n",
       "\n",
       "                 SCHP       BNDX       SHYG       EMLC       SCHH       VNQI  \\\n",
       "Date                                                                           \n",
       "2015-03-31  50.619335  47.938328  37.233822  30.051247  35.317154  44.414474   \n",
       "2015-04-01  50.969593  47.952518  37.246014  30.292789  35.221355  44.848595   \n",
       "2015-04-02  50.849758  47.863811  37.246014  30.427837  35.526188  45.140636   \n",
       "2015-04-06  50.969593  47.961384  37.291721  30.907961  35.909397  45.606331   \n",
       "2015-04-07  51.117054  47.925911  37.314579  30.727909  35.282314  45.527401   \n",
       "\n",
       "              IAU  \n",
       "Date               \n",
       "2015-03-31  11.45  \n",
       "2015-04-01  11.65  \n",
       "2015-04-02  11.62  \n",
       "2015-04-06  11.76  \n",
       "2015-04-07  11.70  "
      ]
     },
     "execution_count": 2,
     "metadata": {},
     "output_type": "execute_result"
    }
   ],
   "source": [
    "data = pd.DataFrame()\n",
    "tickers = ['SCHX', 'FNDX', 'SCHA', 'FNDA','SCHF','FNDF','SCHC','FNDC','SCHE','FNDE','SCHR','VMBS','SCHP','BNDX','SHYG','EMLC','SCHH','VNQI','IAU']\n",
    "q = len(tickers)\n",
    "records = 0\n",
    "for i in tickers:\n",
    "    tmp = web.DataReader(i, 'yahoo', '4/1/2015', datetime.date.today())\n",
    "    data[i] = tmp['Adj Close']\n",
    "    if records == 0:\n",
    "        records = len(tmp)\n",
    "    else:\n",
    "        records = min(records, len(tmp))\n",
    "\n",
    "\n",
    "data.head()"
   ]
  },
  {
   "cell_type": "markdown",
   "metadata": {},
   "source": [
    "#### 2. 計算各檔ETF的年化報酬與共變數"
   ]
  },
  {
   "cell_type": "code",
   "execution_count": 3,
   "metadata": {},
   "outputs": [
    {
     "data": {
      "text/html": [
       "<div>\n",
       "<style scoped>\n",
       "    .dataframe tbody tr th:only-of-type {\n",
       "        vertical-align: middle;\n",
       "    }\n",
       "\n",
       "    .dataframe tbody tr th {\n",
       "        vertical-align: top;\n",
       "    }\n",
       "\n",
       "    .dataframe thead th {\n",
       "        text-align: right;\n",
       "    }\n",
       "</style>\n",
       "<table border=\"1\" class=\"dataframe\">\n",
       "  <thead>\n",
       "    <tr style=\"text-align: right;\">\n",
       "      <th></th>\n",
       "      <th>SCHX</th>\n",
       "      <th>FNDX</th>\n",
       "      <th>SCHA</th>\n",
       "      <th>FNDA</th>\n",
       "      <th>SCHF</th>\n",
       "      <th>FNDF</th>\n",
       "      <th>SCHC</th>\n",
       "      <th>FNDC</th>\n",
       "      <th>SCHE</th>\n",
       "      <th>FNDE</th>\n",
       "      <th>SCHR</th>\n",
       "      <th>VMBS</th>\n",
       "      <th>SCHP</th>\n",
       "      <th>BNDX</th>\n",
       "      <th>SHYG</th>\n",
       "      <th>EMLC</th>\n",
       "      <th>SCHH</th>\n",
       "      <th>VNQI</th>\n",
       "      <th>IAU</th>\n",
       "    </tr>\n",
       "    <tr>\n",
       "      <th>Date</th>\n",
       "      <th></th>\n",
       "      <th></th>\n",
       "      <th></th>\n",
       "      <th></th>\n",
       "      <th></th>\n",
       "      <th></th>\n",
       "      <th></th>\n",
       "      <th></th>\n",
       "      <th></th>\n",
       "      <th></th>\n",
       "      <th></th>\n",
       "      <th></th>\n",
       "      <th></th>\n",
       "      <th></th>\n",
       "      <th></th>\n",
       "      <th></th>\n",
       "      <th></th>\n",
       "      <th></th>\n",
       "      <th></th>\n",
       "    </tr>\n",
       "  </thead>\n",
       "  <tbody>\n",
       "    <tr>\n",
       "      <th>2015-03-31</th>\n",
       "      <td>NaN</td>\n",
       "      <td>NaN</td>\n",
       "      <td>NaN</td>\n",
       "      <td>NaN</td>\n",
       "      <td>NaN</td>\n",
       "      <td>NaN</td>\n",
       "      <td>NaN</td>\n",
       "      <td>NaN</td>\n",
       "      <td>NaN</td>\n",
       "      <td>NaN</td>\n",
       "      <td>NaN</td>\n",
       "      <td>NaN</td>\n",
       "      <td>NaN</td>\n",
       "      <td>NaN</td>\n",
       "      <td>NaN</td>\n",
       "      <td>NaN</td>\n",
       "      <td>NaN</td>\n",
       "      <td>NaN</td>\n",
       "      <td>NaN</td>\n",
       "    </tr>\n",
       "    <tr>\n",
       "      <th>2015-04-01</th>\n",
       "      <td>-0.004448</td>\n",
       "      <td>-0.005683</td>\n",
       "      <td>-0.000869</td>\n",
       "      <td>-0.005170</td>\n",
       "      <td>0.005937</td>\n",
       "      <td>0.007118</td>\n",
       "      <td>0.003971</td>\n",
       "      <td>-0.001104</td>\n",
       "      <td>0.015074</td>\n",
       "      <td>0.013485</td>\n",
       "      <td>0.003824</td>\n",
       "      <td>0.001479</td>\n",
       "      <td>0.006896</td>\n",
       "      <td>0.000296</td>\n",
       "      <td>0.000327</td>\n",
       "      <td>0.008006</td>\n",
       "      <td>-0.002716</td>\n",
       "      <td>0.009727</td>\n",
       "      <td>0.017316</td>\n",
       "    </tr>\n",
       "    <tr>\n",
       "      <th>2015-04-02</th>\n",
       "      <td>0.003843</td>\n",
       "      <td>0.005683</td>\n",
       "      <td>0.003124</td>\n",
       "      <td>0.006458</td>\n",
       "      <td>0.008514</td>\n",
       "      <td>0.009288</td>\n",
       "      <td>0.011166</td>\n",
       "      <td>0.012445</td>\n",
       "      <td>0.014054</td>\n",
       "      <td>0.020713</td>\n",
       "      <td>-0.001653</td>\n",
       "      <td>0.000187</td>\n",
       "      <td>-0.002354</td>\n",
       "      <td>-0.001852</td>\n",
       "      <td>0.000000</td>\n",
       "      <td>0.004448</td>\n",
       "      <td>0.008618</td>\n",
       "      <td>0.006491</td>\n",
       "      <td>-0.002578</td>\n",
       "    </tr>\n",
       "    <tr>\n",
       "      <th>2015-04-06</th>\n",
       "      <td>0.006037</td>\n",
       "      <td>0.006976</td>\n",
       "      <td>0.004840</td>\n",
       "      <td>0.005457</td>\n",
       "      <td>0.010379</td>\n",
       "      <td>0.010668</td>\n",
       "      <td>0.014267</td>\n",
       "      <td>0.014446</td>\n",
       "      <td>0.012678</td>\n",
       "      <td>0.011820</td>\n",
       "      <td>0.002020</td>\n",
       "      <td>0.000935</td>\n",
       "      <td>0.002354</td>\n",
       "      <td>0.002036</td>\n",
       "      <td>0.001226</td>\n",
       "      <td>0.015656</td>\n",
       "      <td>0.010729</td>\n",
       "      <td>0.010264</td>\n",
       "      <td>0.011976</td>\n",
       "    </tr>\n",
       "    <tr>\n",
       "      <th>2015-04-07</th>\n",
       "      <td>-0.002210</td>\n",
       "      <td>-0.002652</td>\n",
       "      <td>-0.005533</td>\n",
       "      <td>-0.005457</td>\n",
       "      <td>-0.000646</td>\n",
       "      <td>0.002193</td>\n",
       "      <td>-0.004518</td>\n",
       "      <td>-0.004312</td>\n",
       "      <td>-0.002760</td>\n",
       "      <td>-0.002840</td>\n",
       "      <td>-0.000550</td>\n",
       "      <td>0.000374</td>\n",
       "      <td>0.002889</td>\n",
       "      <td>-0.000740</td>\n",
       "      <td>0.000613</td>\n",
       "      <td>-0.005842</td>\n",
       "      <td>-0.017617</td>\n",
       "      <td>-0.001732</td>\n",
       "      <td>-0.005115</td>\n",
       "    </tr>\n",
       "  </tbody>\n",
       "</table>\n",
       "</div>"
      ],
      "text/plain": [
       "                SCHX      FNDX      SCHA      FNDA      SCHF      FNDF  \\\n",
       "Date                                                                     \n",
       "2015-03-31       NaN       NaN       NaN       NaN       NaN       NaN   \n",
       "2015-04-01 -0.004448 -0.005683 -0.000869 -0.005170  0.005937  0.007118   \n",
       "2015-04-02  0.003843  0.005683  0.003124  0.006458  0.008514  0.009288   \n",
       "2015-04-06  0.006037  0.006976  0.004840  0.005457  0.010379  0.010668   \n",
       "2015-04-07 -0.002210 -0.002652 -0.005533 -0.005457 -0.000646  0.002193   \n",
       "\n",
       "                SCHC      FNDC      SCHE      FNDE      SCHR      VMBS  \\\n",
       "Date                                                                     \n",
       "2015-03-31       NaN       NaN       NaN       NaN       NaN       NaN   \n",
       "2015-04-01  0.003971 -0.001104  0.015074  0.013485  0.003824  0.001479   \n",
       "2015-04-02  0.011166  0.012445  0.014054  0.020713 -0.001653  0.000187   \n",
       "2015-04-06  0.014267  0.014446  0.012678  0.011820  0.002020  0.000935   \n",
       "2015-04-07 -0.004518 -0.004312 -0.002760 -0.002840 -0.000550  0.000374   \n",
       "\n",
       "                SCHP      BNDX      SHYG      EMLC      SCHH      VNQI  \\\n",
       "Date                                                                     \n",
       "2015-03-31       NaN       NaN       NaN       NaN       NaN       NaN   \n",
       "2015-04-01  0.006896  0.000296  0.000327  0.008006 -0.002716  0.009727   \n",
       "2015-04-02 -0.002354 -0.001852  0.000000  0.004448  0.008618  0.006491   \n",
       "2015-04-06  0.002354  0.002036  0.001226  0.015656  0.010729  0.010264   \n",
       "2015-04-07  0.002889 -0.000740  0.000613 -0.005842 -0.017617 -0.001732   \n",
       "\n",
       "                 IAU  \n",
       "Date                  \n",
       "2015-03-31       NaN  \n",
       "2015-04-01  0.017316  \n",
       "2015-04-02 -0.002578  \n",
       "2015-04-06  0.011976  \n",
       "2015-04-07 -0.005115  "
      ]
     },
     "execution_count": 3,
     "metadata": {},
     "output_type": "execute_result"
    }
   ],
   "source": [
    "returns = np.log(data / data.shift(1))\n",
    "returns.head()"
   ]
  },
  {
   "cell_type": "code",
   "execution_count": 4,
   "metadata": {},
   "outputs": [
    {
     "data": {
      "text/html": [
       "<div>\n",
       "<style scoped>\n",
       "    .dataframe tbody tr th:only-of-type {\n",
       "        vertical-align: middle;\n",
       "    }\n",
       "\n",
       "    .dataframe tbody tr th {\n",
       "        vertical-align: top;\n",
       "    }\n",
       "\n",
       "    .dataframe thead th {\n",
       "        text-align: right;\n",
       "    }\n",
       "</style>\n",
       "<table border=\"1\" class=\"dataframe\">\n",
       "  <thead>\n",
       "    <tr style=\"text-align: right;\">\n",
       "      <th></th>\n",
       "      <th>SCHX</th>\n",
       "      <th>FNDX</th>\n",
       "      <th>SCHA</th>\n",
       "      <th>FNDA</th>\n",
       "      <th>SCHF</th>\n",
       "      <th>FNDF</th>\n",
       "      <th>SCHC</th>\n",
       "      <th>FNDC</th>\n",
       "      <th>SCHE</th>\n",
       "      <th>FNDE</th>\n",
       "      <th>SCHR</th>\n",
       "      <th>VMBS</th>\n",
       "      <th>SCHP</th>\n",
       "      <th>BNDX</th>\n",
       "      <th>SHYG</th>\n",
       "      <th>EMLC</th>\n",
       "      <th>SCHH</th>\n",
       "      <th>VNQI</th>\n",
       "      <th>IAU</th>\n",
       "    </tr>\n",
       "  </thead>\n",
       "  <tbody>\n",
       "    <tr>\n",
       "      <th>SCHX</th>\n",
       "      <td>0.034798</td>\n",
       "      <td>0.034325</td>\n",
       "      <td>0.037587</td>\n",
       "      <td>0.036485</td>\n",
       "      <td>0.030099</td>\n",
       "      <td>0.030769</td>\n",
       "      <td>0.029385</td>\n",
       "      <td>0.028520</td>\n",
       "      <td>0.032783</td>\n",
       "      <td>0.033377</td>\n",
       "      <td>-0.002954</td>\n",
       "      <td>0.000237</td>\n",
       "      <td>-0.001050</td>\n",
       "      <td>0.000509</td>\n",
       "      <td>0.010057</td>\n",
       "      <td>0.010675</td>\n",
       "      <td>0.030382</td>\n",
       "      <td>0.024185</td>\n",
       "      <td>-0.001137</td>\n",
       "    </tr>\n",
       "    <tr>\n",
       "      <th>FNDX</th>\n",
       "      <td>0.034325</td>\n",
       "      <td>0.034833</td>\n",
       "      <td>0.037605</td>\n",
       "      <td>0.037008</td>\n",
       "      <td>0.030081</td>\n",
       "      <td>0.031057</td>\n",
       "      <td>0.029446</td>\n",
       "      <td>0.028553</td>\n",
       "      <td>0.032461</td>\n",
       "      <td>0.033614</td>\n",
       "      <td>-0.003023</td>\n",
       "      <td>0.000212</td>\n",
       "      <td>-0.001050</td>\n",
       "      <td>0.000415</td>\n",
       "      <td>0.010184</td>\n",
       "      <td>0.010831</td>\n",
       "      <td>0.030276</td>\n",
       "      <td>0.024034</td>\n",
       "      <td>-0.001069</td>\n",
       "    </tr>\n",
       "    <tr>\n",
       "      <th>SCHA</th>\n",
       "      <td>0.037587</td>\n",
       "      <td>0.037605</td>\n",
       "      <td>0.046578</td>\n",
       "      <td>0.045087</td>\n",
       "      <td>0.033407</td>\n",
       "      <td>0.034475</td>\n",
       "      <td>0.033318</td>\n",
       "      <td>0.031837</td>\n",
       "      <td>0.036024</td>\n",
       "      <td>0.037234</td>\n",
       "      <td>-0.003236</td>\n",
       "      <td>0.000488</td>\n",
       "      <td>-0.000604</td>\n",
       "      <td>0.000670</td>\n",
       "      <td>0.011604</td>\n",
       "      <td>0.012303</td>\n",
       "      <td>0.034805</td>\n",
       "      <td>0.027195</td>\n",
       "      <td>-0.000988</td>\n",
       "    </tr>\n",
       "    <tr>\n",
       "      <th>FNDA</th>\n",
       "      <td>0.036485</td>\n",
       "      <td>0.037008</td>\n",
       "      <td>0.045087</td>\n",
       "      <td>0.044601</td>\n",
       "      <td>0.032723</td>\n",
       "      <td>0.033881</td>\n",
       "      <td>0.032692</td>\n",
       "      <td>0.031219</td>\n",
       "      <td>0.035141</td>\n",
       "      <td>0.036675</td>\n",
       "      <td>-0.003165</td>\n",
       "      <td>0.000532</td>\n",
       "      <td>-0.000558</td>\n",
       "      <td>0.000619</td>\n",
       "      <td>0.011383</td>\n",
       "      <td>0.012300</td>\n",
       "      <td>0.034547</td>\n",
       "      <td>0.026650</td>\n",
       "      <td>-0.001161</td>\n",
       "    </tr>\n",
       "    <tr>\n",
       "      <th>SCHF</th>\n",
       "      <td>0.030099</td>\n",
       "      <td>0.030081</td>\n",
       "      <td>0.033407</td>\n",
       "      <td>0.032723</td>\n",
       "      <td>0.032374</td>\n",
       "      <td>0.033427</td>\n",
       "      <td>0.031430</td>\n",
       "      <td>0.030137</td>\n",
       "      <td>0.034363</td>\n",
       "      <td>0.035765</td>\n",
       "      <td>-0.002538</td>\n",
       "      <td>0.000425</td>\n",
       "      <td>-0.000233</td>\n",
       "      <td>0.000533</td>\n",
       "      <td>0.009429</td>\n",
       "      <td>0.013245</td>\n",
       "      <td>0.026206</td>\n",
       "      <td>0.026437</td>\n",
       "      <td>0.000532</td>\n",
       "    </tr>\n",
       "    <tr>\n",
       "      <th>FNDF</th>\n",
       "      <td>0.030769</td>\n",
       "      <td>0.031057</td>\n",
       "      <td>0.034475</td>\n",
       "      <td>0.033881</td>\n",
       "      <td>0.033427</td>\n",
       "      <td>0.035299</td>\n",
       "      <td>0.032447</td>\n",
       "      <td>0.031088</td>\n",
       "      <td>0.035327</td>\n",
       "      <td>0.037142</td>\n",
       "      <td>-0.002768</td>\n",
       "      <td>0.000314</td>\n",
       "      <td>-0.000314</td>\n",
       "      <td>0.000388</td>\n",
       "      <td>0.009767</td>\n",
       "      <td>0.013820</td>\n",
       "      <td>0.026422</td>\n",
       "      <td>0.027127</td>\n",
       "      <td>0.000523</td>\n",
       "    </tr>\n",
       "    <tr>\n",
       "      <th>SCHC</th>\n",
       "      <td>0.029385</td>\n",
       "      <td>0.029446</td>\n",
       "      <td>0.033318</td>\n",
       "      <td>0.032692</td>\n",
       "      <td>0.031430</td>\n",
       "      <td>0.032447</td>\n",
       "      <td>0.032840</td>\n",
       "      <td>0.030423</td>\n",
       "      <td>0.033961</td>\n",
       "      <td>0.035351</td>\n",
       "      <td>-0.002221</td>\n",
       "      <td>0.000654</td>\n",
       "      <td>0.000313</td>\n",
       "      <td>0.000774</td>\n",
       "      <td>0.009688</td>\n",
       "      <td>0.013969</td>\n",
       "      <td>0.026629</td>\n",
       "      <td>0.026796</td>\n",
       "      <td>0.002321</td>\n",
       "    </tr>\n",
       "    <tr>\n",
       "      <th>FNDC</th>\n",
       "      <td>0.028520</td>\n",
       "      <td>0.028553</td>\n",
       "      <td>0.031837</td>\n",
       "      <td>0.031219</td>\n",
       "      <td>0.030137</td>\n",
       "      <td>0.031088</td>\n",
       "      <td>0.030423</td>\n",
       "      <td>0.029707</td>\n",
       "      <td>0.032293</td>\n",
       "      <td>0.033465</td>\n",
       "      <td>-0.002359</td>\n",
       "      <td>0.000392</td>\n",
       "      <td>-0.000166</td>\n",
       "      <td>0.000654</td>\n",
       "      <td>0.009074</td>\n",
       "      <td>0.012605</td>\n",
       "      <td>0.025338</td>\n",
       "      <td>0.025102</td>\n",
       "      <td>0.001241</td>\n",
       "    </tr>\n",
       "    <tr>\n",
       "      <th>SCHE</th>\n",
       "      <td>0.032783</td>\n",
       "      <td>0.032461</td>\n",
       "      <td>0.036024</td>\n",
       "      <td>0.035141</td>\n",
       "      <td>0.034363</td>\n",
       "      <td>0.035327</td>\n",
       "      <td>0.033961</td>\n",
       "      <td>0.032293</td>\n",
       "      <td>0.046524</td>\n",
       "      <td>0.047385</td>\n",
       "      <td>-0.002605</td>\n",
       "      <td>0.000307</td>\n",
       "      <td>-0.000042</td>\n",
       "      <td>0.000680</td>\n",
       "      <td>0.009939</td>\n",
       "      <td>0.017192</td>\n",
       "      <td>0.027203</td>\n",
       "      <td>0.030661</td>\n",
       "      <td>0.001758</td>\n",
       "    </tr>\n",
       "    <tr>\n",
       "      <th>FNDE</th>\n",
       "      <td>0.033377</td>\n",
       "      <td>0.033614</td>\n",
       "      <td>0.037234</td>\n",
       "      <td>0.036675</td>\n",
       "      <td>0.035765</td>\n",
       "      <td>0.037142</td>\n",
       "      <td>0.035351</td>\n",
       "      <td>0.033465</td>\n",
       "      <td>0.047385</td>\n",
       "      <td>0.052032</td>\n",
       "      <td>-0.002695</td>\n",
       "      <td>0.000416</td>\n",
       "      <td>0.000281</td>\n",
       "      <td>0.000653</td>\n",
       "      <td>0.010381</td>\n",
       "      <td>0.018818</td>\n",
       "      <td>0.027733</td>\n",
       "      <td>0.031304</td>\n",
       "      <td>0.002510</td>\n",
       "    </tr>\n",
       "    <tr>\n",
       "      <th>SCHR</th>\n",
       "      <td>-0.002954</td>\n",
       "      <td>-0.003023</td>\n",
       "      <td>-0.003236</td>\n",
       "      <td>-0.003165</td>\n",
       "      <td>-0.002538</td>\n",
       "      <td>-0.002768</td>\n",
       "      <td>-0.002221</td>\n",
       "      <td>-0.002359</td>\n",
       "      <td>-0.002605</td>\n",
       "      <td>-0.002695</td>\n",
       "      <td>0.001298</td>\n",
       "      <td>0.000677</td>\n",
       "      <td>0.001332</td>\n",
       "      <td>0.000585</td>\n",
       "      <td>-0.000693</td>\n",
       "      <td>-0.000134</td>\n",
       "      <td>-0.000981</td>\n",
       "      <td>-0.001427</td>\n",
       "      <td>0.001922</td>\n",
       "    </tr>\n",
       "    <tr>\n",
       "      <th>VMBS</th>\n",
       "      <td>0.000237</td>\n",
       "      <td>0.000212</td>\n",
       "      <td>0.000488</td>\n",
       "      <td>0.000532</td>\n",
       "      <td>0.000425</td>\n",
       "      <td>0.000314</td>\n",
       "      <td>0.000654</td>\n",
       "      <td>0.000392</td>\n",
       "      <td>0.000307</td>\n",
       "      <td>0.000416</td>\n",
       "      <td>0.000677</td>\n",
       "      <td>0.001335</td>\n",
       "      <td>0.000917</td>\n",
       "      <td>0.000568</td>\n",
       "      <td>0.000222</td>\n",
       "      <td>0.000831</td>\n",
       "      <td>0.001252</td>\n",
       "      <td>0.000749</td>\n",
       "      <td>0.001485</td>\n",
       "    </tr>\n",
       "    <tr>\n",
       "      <th>SCHP</th>\n",
       "      <td>-0.001050</td>\n",
       "      <td>-0.001050</td>\n",
       "      <td>-0.000604</td>\n",
       "      <td>-0.000558</td>\n",
       "      <td>-0.000233</td>\n",
       "      <td>-0.000314</td>\n",
       "      <td>0.000313</td>\n",
       "      <td>-0.000166</td>\n",
       "      <td>-0.000042</td>\n",
       "      <td>0.000281</td>\n",
       "      <td>0.001332</td>\n",
       "      <td>0.000917</td>\n",
       "      <td>0.002684</td>\n",
       "      <td>0.000834</td>\n",
       "      <td>0.000048</td>\n",
       "      <td>0.001291</td>\n",
       "      <td>0.000966</td>\n",
       "      <td>0.000668</td>\n",
       "      <td>0.002679</td>\n",
       "    </tr>\n",
       "    <tr>\n",
       "      <th>BNDX</th>\n",
       "      <td>0.000509</td>\n",
       "      <td>0.000415</td>\n",
       "      <td>0.000670</td>\n",
       "      <td>0.000619</td>\n",
       "      <td>0.000533</td>\n",
       "      <td>0.000388</td>\n",
       "      <td>0.000774</td>\n",
       "      <td>0.000654</td>\n",
       "      <td>0.000680</td>\n",
       "      <td>0.000653</td>\n",
       "      <td>0.000585</td>\n",
       "      <td>0.000568</td>\n",
       "      <td>0.000834</td>\n",
       "      <td>0.001062</td>\n",
       "      <td>0.000427</td>\n",
       "      <td>0.000743</td>\n",
       "      <td>0.002130</td>\n",
       "      <td>0.001183</td>\n",
       "      <td>0.001330</td>\n",
       "    </tr>\n",
       "    <tr>\n",
       "      <th>SHYG</th>\n",
       "      <td>0.010057</td>\n",
       "      <td>0.010184</td>\n",
       "      <td>0.011604</td>\n",
       "      <td>0.011383</td>\n",
       "      <td>0.009429</td>\n",
       "      <td>0.009767</td>\n",
       "      <td>0.009688</td>\n",
       "      <td>0.009074</td>\n",
       "      <td>0.009939</td>\n",
       "      <td>0.010381</td>\n",
       "      <td>-0.000693</td>\n",
       "      <td>0.000222</td>\n",
       "      <td>0.000048</td>\n",
       "      <td>0.000427</td>\n",
       "      <td>0.004816</td>\n",
       "      <td>0.004338</td>\n",
       "      <td>0.010574</td>\n",
       "      <td>0.008032</td>\n",
       "      <td>0.000300</td>\n",
       "    </tr>\n",
       "    <tr>\n",
       "      <th>EMLC</th>\n",
       "      <td>0.010675</td>\n",
       "      <td>0.010831</td>\n",
       "      <td>0.012303</td>\n",
       "      <td>0.012300</td>\n",
       "      <td>0.013245</td>\n",
       "      <td>0.013820</td>\n",
       "      <td>0.013969</td>\n",
       "      <td>0.012605</td>\n",
       "      <td>0.017192</td>\n",
       "      <td>0.018818</td>\n",
       "      <td>-0.000134</td>\n",
       "      <td>0.000831</td>\n",
       "      <td>0.001291</td>\n",
       "      <td>0.000743</td>\n",
       "      <td>0.004338</td>\n",
       "      <td>0.012384</td>\n",
       "      <td>0.010905</td>\n",
       "      <td>0.012913</td>\n",
       "      <td>0.004227</td>\n",
       "    </tr>\n",
       "    <tr>\n",
       "      <th>SCHH</th>\n",
       "      <td>0.030382</td>\n",
       "      <td>0.030276</td>\n",
       "      <td>0.034805</td>\n",
       "      <td>0.034547</td>\n",
       "      <td>0.026206</td>\n",
       "      <td>0.026422</td>\n",
       "      <td>0.026629</td>\n",
       "      <td>0.025338</td>\n",
       "      <td>0.027203</td>\n",
       "      <td>0.027733</td>\n",
       "      <td>-0.000981</td>\n",
       "      <td>0.001252</td>\n",
       "      <td>0.000966</td>\n",
       "      <td>0.002130</td>\n",
       "      <td>0.010574</td>\n",
       "      <td>0.010905</td>\n",
       "      <td>0.047442</td>\n",
       "      <td>0.024781</td>\n",
       "      <td>0.002388</td>\n",
       "    </tr>\n",
       "    <tr>\n",
       "      <th>VNQI</th>\n",
       "      <td>0.024185</td>\n",
       "      <td>0.024034</td>\n",
       "      <td>0.027195</td>\n",
       "      <td>0.026650</td>\n",
       "      <td>0.026437</td>\n",
       "      <td>0.027127</td>\n",
       "      <td>0.026796</td>\n",
       "      <td>0.025102</td>\n",
       "      <td>0.030661</td>\n",
       "      <td>0.031304</td>\n",
       "      <td>-0.001427</td>\n",
       "      <td>0.000749</td>\n",
       "      <td>0.000668</td>\n",
       "      <td>0.001183</td>\n",
       "      <td>0.008032</td>\n",
       "      <td>0.012913</td>\n",
       "      <td>0.024781</td>\n",
       "      <td>0.027801</td>\n",
       "      <td>0.002725</td>\n",
       "    </tr>\n",
       "    <tr>\n",
       "      <th>IAU</th>\n",
       "      <td>-0.001137</td>\n",
       "      <td>-0.001069</td>\n",
       "      <td>-0.000988</td>\n",
       "      <td>-0.001161</td>\n",
       "      <td>0.000532</td>\n",
       "      <td>0.000523</td>\n",
       "      <td>0.002321</td>\n",
       "      <td>0.001241</td>\n",
       "      <td>0.001758</td>\n",
       "      <td>0.002510</td>\n",
       "      <td>0.001922</td>\n",
       "      <td>0.001485</td>\n",
       "      <td>0.002679</td>\n",
       "      <td>0.001330</td>\n",
       "      <td>0.000300</td>\n",
       "      <td>0.004227</td>\n",
       "      <td>0.002388</td>\n",
       "      <td>0.002725</td>\n",
       "      <td>0.017744</td>\n",
       "    </tr>\n",
       "  </tbody>\n",
       "</table>\n",
       "</div>"
      ],
      "text/plain": [
       "          SCHX      FNDX      SCHA      FNDA      SCHF      FNDF      SCHC  \\\n",
       "SCHX  0.034798  0.034325  0.037587  0.036485  0.030099  0.030769  0.029385   \n",
       "FNDX  0.034325  0.034833  0.037605  0.037008  0.030081  0.031057  0.029446   \n",
       "SCHA  0.037587  0.037605  0.046578  0.045087  0.033407  0.034475  0.033318   \n",
       "FNDA  0.036485  0.037008  0.045087  0.044601  0.032723  0.033881  0.032692   \n",
       "SCHF  0.030099  0.030081  0.033407  0.032723  0.032374  0.033427  0.031430   \n",
       "FNDF  0.030769  0.031057  0.034475  0.033881  0.033427  0.035299  0.032447   \n",
       "SCHC  0.029385  0.029446  0.033318  0.032692  0.031430  0.032447  0.032840   \n",
       "FNDC  0.028520  0.028553  0.031837  0.031219  0.030137  0.031088  0.030423   \n",
       "SCHE  0.032783  0.032461  0.036024  0.035141  0.034363  0.035327  0.033961   \n",
       "FNDE  0.033377  0.033614  0.037234  0.036675  0.035765  0.037142  0.035351   \n",
       "SCHR -0.002954 -0.003023 -0.003236 -0.003165 -0.002538 -0.002768 -0.002221   \n",
       "VMBS  0.000237  0.000212  0.000488  0.000532  0.000425  0.000314  0.000654   \n",
       "SCHP -0.001050 -0.001050 -0.000604 -0.000558 -0.000233 -0.000314  0.000313   \n",
       "BNDX  0.000509  0.000415  0.000670  0.000619  0.000533  0.000388  0.000774   \n",
       "SHYG  0.010057  0.010184  0.011604  0.011383  0.009429  0.009767  0.009688   \n",
       "EMLC  0.010675  0.010831  0.012303  0.012300  0.013245  0.013820  0.013969   \n",
       "SCHH  0.030382  0.030276  0.034805  0.034547  0.026206  0.026422  0.026629   \n",
       "VNQI  0.024185  0.024034  0.027195  0.026650  0.026437  0.027127  0.026796   \n",
       "IAU  -0.001137 -0.001069 -0.000988 -0.001161  0.000532  0.000523  0.002321   \n",
       "\n",
       "          FNDC      SCHE      FNDE      SCHR      VMBS      SCHP      BNDX  \\\n",
       "SCHX  0.028520  0.032783  0.033377 -0.002954  0.000237 -0.001050  0.000509   \n",
       "FNDX  0.028553  0.032461  0.033614 -0.003023  0.000212 -0.001050  0.000415   \n",
       "SCHA  0.031837  0.036024  0.037234 -0.003236  0.000488 -0.000604  0.000670   \n",
       "FNDA  0.031219  0.035141  0.036675 -0.003165  0.000532 -0.000558  0.000619   \n",
       "SCHF  0.030137  0.034363  0.035765 -0.002538  0.000425 -0.000233  0.000533   \n",
       "FNDF  0.031088  0.035327  0.037142 -0.002768  0.000314 -0.000314  0.000388   \n",
       "SCHC  0.030423  0.033961  0.035351 -0.002221  0.000654  0.000313  0.000774   \n",
       "FNDC  0.029707  0.032293  0.033465 -0.002359  0.000392 -0.000166  0.000654   \n",
       "SCHE  0.032293  0.046524  0.047385 -0.002605  0.000307 -0.000042  0.000680   \n",
       "FNDE  0.033465  0.047385  0.052032 -0.002695  0.000416  0.000281  0.000653   \n",
       "SCHR -0.002359 -0.002605 -0.002695  0.001298  0.000677  0.001332  0.000585   \n",
       "VMBS  0.000392  0.000307  0.000416  0.000677  0.001335  0.000917  0.000568   \n",
       "SCHP -0.000166 -0.000042  0.000281  0.001332  0.000917  0.002684  0.000834   \n",
       "BNDX  0.000654  0.000680  0.000653  0.000585  0.000568  0.000834  0.001062   \n",
       "SHYG  0.009074  0.009939  0.010381 -0.000693  0.000222  0.000048  0.000427   \n",
       "EMLC  0.012605  0.017192  0.018818 -0.000134  0.000831  0.001291  0.000743   \n",
       "SCHH  0.025338  0.027203  0.027733 -0.000981  0.001252  0.000966  0.002130   \n",
       "VNQI  0.025102  0.030661  0.031304 -0.001427  0.000749  0.000668  0.001183   \n",
       "IAU   0.001241  0.001758  0.002510  0.001922  0.001485  0.002679  0.001330   \n",
       "\n",
       "          SHYG      EMLC      SCHH      VNQI       IAU  \n",
       "SCHX  0.010057  0.010675  0.030382  0.024185 -0.001137  \n",
       "FNDX  0.010184  0.010831  0.030276  0.024034 -0.001069  \n",
       "SCHA  0.011604  0.012303  0.034805  0.027195 -0.000988  \n",
       "FNDA  0.011383  0.012300  0.034547  0.026650 -0.001161  \n",
       "SCHF  0.009429  0.013245  0.026206  0.026437  0.000532  \n",
       "FNDF  0.009767  0.013820  0.026422  0.027127  0.000523  \n",
       "SCHC  0.009688  0.013969  0.026629  0.026796  0.002321  \n",
       "FNDC  0.009074  0.012605  0.025338  0.025102  0.001241  \n",
       "SCHE  0.009939  0.017192  0.027203  0.030661  0.001758  \n",
       "FNDE  0.010381  0.018818  0.027733  0.031304  0.002510  \n",
       "SCHR -0.000693 -0.000134 -0.000981 -0.001427  0.001922  \n",
       "VMBS  0.000222  0.000831  0.001252  0.000749  0.001485  \n",
       "SCHP  0.000048  0.001291  0.000966  0.000668  0.002679  \n",
       "BNDX  0.000427  0.000743  0.002130  0.001183  0.001330  \n",
       "SHYG  0.004816  0.004338  0.010574  0.008032  0.000300  \n",
       "EMLC  0.004338  0.012384  0.010905  0.012913  0.004227  \n",
       "SCHH  0.010574  0.010905  0.047442  0.024781  0.002388  \n",
       "VNQI  0.008032  0.012913  0.024781  0.027801  0.002725  \n",
       "IAU   0.000300  0.004227  0.002388  0.002725  0.017744  "
      ]
     },
     "execution_count": 4,
     "metadata": {},
     "output_type": "execute_result"
    }
   ],
   "source": [
    "returns.cov()*252"
   ]
  },
  {
   "cell_type": "code",
   "execution_count": 5,
   "metadata": {},
   "outputs": [
    {
     "data": {
      "text/plain": [
       "SCHX    0.081152\n",
       "FNDX    0.049586\n",
       "SCHA    0.007748\n",
       "FNDA   -0.006495\n",
       "SCHF    0.004638\n",
       "FNDF   -0.011775\n",
       "SCHC   -0.002891\n",
       "FNDC    0.003948\n",
       "SCHE    0.005228\n",
       "FNDE    0.010801\n",
       "SCHR    0.033173\n",
       "VMBS    0.026949\n",
       "SCHP    0.031589\n",
       "BNDX    0.032693\n",
       "SHYG    0.028198\n",
       "EMLC   -0.007420\n",
       "SCHH    0.004082\n",
       "VNQI    0.002116\n",
       "IAU     0.073094\n",
       "dtype: float64"
      ]
     },
     "execution_count": 5,
     "metadata": {},
     "output_type": "execute_result"
    }
   ],
   "source": [
    "annual_returns = returns.mean()*252\n",
    "annual_returns"
   ]
  },
  {
   "cell_type": "markdown",
   "metadata": {},
   "source": [
