{
 "cells": [
  {
   "cell_type": "markdown",
   "metadata": {},
   "source": [
    "# 自建portfolio效率前緣"
   ]
  },
  {
   "cell_type": "markdown",
   "metadata": {},
   "source": [
    "#### 1. 匯入Robo Advisor的資產池"
   ]
  },
  {
   "cell_type": "code",
   "execution_count": 2,
   "metadata": {},
   "outputs": [],
   "source": [
    "import pandas as pd\n",
    "import numpy as np\n",
    "import statsmodels.api as sm\n",
    "import scipy.stats as scs\n",
    "import scipy.optimize as sco\n",
    "import matplotlib.pyplot as plt\n",
    "import pandas_datareader.data as web\n",
    "import datetime"
   ]
  },
  {
   "cell_type": "markdown",
   "metadata": {},
   "source": [
    "- 資產池內容(16)\n",
    "<br/>Stock: VTI, VGK, VPL, VWO, PFF\n",
    "<br/>Bond：IEI, BWX, AGG, BND\n",
    "<br/>Currency：FXY, FXF, UDN\n",
    "<br/>Commodity：IAU, AOA, AOK, USO"
   ]
  },
  {
   "cell_type": "code",
   "execution_count": 3,
   "metadata": {
    "scrolled": true
   },
   "outputs": [
    {
     "data": {
      "text/html": [
       "<div>\n",
       "<style scoped>\n",
       "    .dataframe tbody tr th:only-of-type {\n",
       "        vertical-align: middle;\n",
       "    }\n",
       "\n",
       "    .dataframe tbody tr th {\n",
       "        vertical-align: top;\n",
       "    }\n",
       "\n",
       "    .dataframe thead th {\n",
       "        text-align: right;\n",
       "    }\n",
       "</style>\n",
       "<table border=\"1\" class=\"dataframe\">\n",
       "  <thead>\n",
       "    <tr style=\"text-align: right;\">\n",
       "      <th></th>\n",
       "      <th>VTI</th>\n",
       "      <th>VGK</th>\n",
       "      <th>VPL</th>\n",
       "      <th>VWO</th>\n",
       "      <th>PFF</th>\n",
       "      <th>IEI</th>\n",
       "      <th>BWX</th>\n",
       "      <th>AGG</th>\n",
       "      <th>BND</th>\n",
       "      <th>FXY</th>\n",
       "      <th>FXF</th>\n",
       "      <th>UDN</th>\n",
       "      <th>IAU</th>\n",
       "      <th>AOA</th>\n",
       "      <th>AOK</th>\n",
       "      <th>USO</th>\n",
       "    </tr>\n",
       "    <tr>\n",
       "      <th>Date</th>\n",
       "      <th></th>\n",
       "      <th></th>\n",
       "      <th></th>\n",
       "      <th></th>\n",
       "      <th></th>\n",
       "      <th></th>\n",
       "      <th></th>\n",
       "      <th></th>\n",
       "      <th></th>\n",
       "      <th></th>\n",
       "      <th></th>\n",
       "      <th></th>\n",
       "      <th></th>\n",
       "      <th></th>\n",
       "      <th></th>\n",
       "      <th></th>\n",
       "    </tr>\n",
       "  </thead>\n",
       "  <tbody>\n",
       "    <tr>\n",
       "      <th>2014-01-02</th>\n",
       "      <td>84.378860</td>\n",
       "      <td>46.217941</td>\n",
       "      <td>51.057976</td>\n",
       "      <td>33.389236</td>\n",
       "      <td>25.745323</td>\n",
       "      <td>108.694878</td>\n",
       "      <td>27.300598</td>\n",
       "      <td>90.548790</td>\n",
       "      <td>67.201050</td>\n",
       "      <td>93.250000</td>\n",
       "      <td>108.667809</td>\n",
       "      <td>26.176607</td>\n",
       "      <td>11.88</td>\n",
       "      <td>37.321964</td>\n",
       "      <td>27.329165</td>\n",
       "      <td>273.839996</td>\n",
       "    </tr>\n",
       "    <tr>\n",
       "      <th>2014-01-03</th>\n",
       "      <td>84.361145</td>\n",
       "      <td>46.225983</td>\n",
       "      <td>51.244526</td>\n",
       "      <td>33.347179</td>\n",
       "      <td>25.898182</td>\n",
       "      <td>108.613411</td>\n",
       "      <td>27.233980</td>\n",
       "      <td>90.582863</td>\n",
       "      <td>67.209480</td>\n",
       "      <td>93.220001</td>\n",
       "      <td>108.008736</td>\n",
       "      <td>26.050152</td>\n",
       "      <td>12.01</td>\n",
       "      <td>37.347317</td>\n",
       "      <td>27.380636</td>\n",
       "      <td>270.000000</td>\n",
       "    </tr>\n",
       "    <tr>\n",
       "      <th>2014-01-06</th>\n",
       "      <td>84.139259</td>\n",
       "      <td>46.266125</td>\n",
       "      <td>51.032539</td>\n",
       "      <td>33.027584</td>\n",
       "      <td>26.051073</td>\n",
       "      <td>108.785301</td>\n",
       "      <td>27.352930</td>\n",
       "      <td>90.701874</td>\n",
       "      <td>67.268166</td>\n",
       "      <td>93.779999</td>\n",
       "      <td>108.208450</td>\n",
       "      <td>26.137697</td>\n",
       "      <td>12.01</td>\n",
       "      <td>37.296593</td>\n",
       "      <td>27.346323</td>\n",
       "      <td>268.559998</td>\n",
       "    </tr>\n",
       "    <tr>\n",
       "      <th>2014-01-07</th>\n",
       "      <td>84.680595</td>\n",
       "      <td>46.579334</td>\n",
       "      <td>51.185162</td>\n",
       "      <td>33.162144</td>\n",
       "      <td>26.002424</td>\n",
       "      <td>108.875786</td>\n",
       "      <td>27.371956</td>\n",
       "      <td>90.744354</td>\n",
       "      <td>67.352066</td>\n",
       "      <td>93.419998</td>\n",
       "      <td>107.549370</td>\n",
       "      <td>26.079332</td>\n",
       "      <td>11.95</td>\n",
       "      <td>37.465664</td>\n",
       "      <td>27.432093</td>\n",
       "      <td>268.640015</td>\n",
       "    </tr>\n",
       "    <tr>\n",
       "      <th>2014-01-08</th>\n",
       "      <td>84.742729</td>\n",
       "      <td>46.555244</td>\n",
       "      <td>51.261486</td>\n",
       "      <td>33.103275</td>\n",
       "      <td>26.044107</td>\n",
       "      <td>108.468697</td>\n",
       "      <td>27.272049</td>\n",
       "      <td>90.472290</td>\n",
       "      <td>67.133980</td>\n",
       "      <td>93.250000</td>\n",
       "      <td>107.409569</td>\n",
       "      <td>26.020967</td>\n",
       "      <td>11.89</td>\n",
       "      <td>37.448750</td>\n",
       "      <td>27.397795</td>\n",
       "      <td>265.279999</td>\n",
       "    </tr>\n",
       "  </tbody>\n",
       "</table>\n",
       "</div>"
      ],
      "text/plain": [
       "                  VTI        VGK        VPL        VWO        PFF         IEI  \\\n",
       "Date                                                                            \n",
       "2014-01-02  84.378860  46.217941  51.057976  33.389236  25.745323  108.694878   \n",
       "2014-01-03  84.361145  46.225983  51.244526  33.347179  25.898182  108.613411   \n",
       "2014-01-06  84.139259  46.266125  51.032539  33.027584  26.051073  108.785301   \n",
       "2014-01-07  84.680595  46.579334  51.185162  33.162144  26.002424  108.875786   \n",
       "2014-01-08  84.742729  46.555244  51.261486  33.103275  26.044107  108.468697   \n",
       "\n",
       "                  BWX        AGG        BND        FXY         FXF        UDN  \\\n",
       "Date                                                                            \n",
       "2014-01-02  27.300598  90.548790  67.201050  93.250000  108.667809  26.176607   \n",
       "2014-01-03  27.233980  90.582863  67.209480  93.220001  108.008736  26.050152   \n",
       "2014-01-06  27.352930  90.701874  67.268166  93.779999  108.208450  26.137697   \n",
       "2014-01-07  27.371956  90.744354  67.352066  93.419998  107.549370  26.079332   \n",
       "2014-01-08  27.272049  90.472290  67.133980  93.250000  107.409569  26.020967   \n",
       "\n",
       "              IAU        AOA        AOK         USO  \n",
       "Date                                                 \n",
       "2014-01-02  11.88  37.321964  27.329165  273.839996  \n",
       "2014-01-03  12.01  37.347317  27.380636  270.000000  \n",
       "2014-01-06  12.01  37.296593  27.346323  268.559998  \n",
       "2014-01-07  11.95  37.465664  27.432093  268.640015  \n",
       "2014-01-08  11.89  37.448750  27.397795  265.279999  "
      ]
     },
     "execution_count": 3,
     "metadata": {},
     "output_type": "execute_result"
    }
   ],
   "source": [
    "data = pd.read_csv(\"data_adjclose.csv\", index_col=0 )\n",
    "data.index = pd.to_datetime(data.index)\n",
    "\n",
    "tickers = [i for i in data]\n",
    "q = len(tickers)\n",
    "\n",
    "data.head()"
   ]
  },
  {
   "cell_type": "markdown",
   "metadata": {},
   "source": [
    "#### 2. 計算各檔ETF的年化報酬與共變數"
   ]
  },
  {
   "cell_type": "code",
   "execution_count": 4,
   "metadata": {},
   "outputs": [
    {
     "data": {
      "text/html": [
       "<div>\n",
       "<style scoped>\n",
       "    .dataframe tbody tr th:only-of-type {\n",
       "        vertical-align: middle;\n",
       "    }\n",
       "\n",
       "    .dataframe tbody tr th {\n",
       "        vertical-align: top;\n",
       "    }\n",
       "\n",
       "    .dataframe thead th {\n",
       "        text-align: right;\n",
       "    }\n",
       "</style>\n",
       "<table border=\"1\" class=\"dataframe\">\n",
       "  <thead>\n",
       "    <tr style=\"text-align: right;\">\n",
       "      <th></th>\n",
       "      <th>VTI</th>\n",
       "      <th>VGK</th>\n",
       "      <th>VPL</th>\n",
       "      <th>VWO</th>\n",
       "      <th>PFF</th>\n",
       "      <th>IEI</th>\n",
       "      <th>BWX</th>\n",
       "      <th>AGG</th>\n",
       "      <th>BND</th>\n",
       "      <th>FXY</th>\n",
       "      <th>FXF</th>\n",
       "      <th>UDN</th>\n",
       "      <th>IAU</th>\n",
       "      <th>AOA</th>\n",
       "      <th>AOK</th>\n",
       "      <th>USO</th>\n",
       "    </tr>\n",
       "    <tr>\n",
       "      <th>Date</th>\n",
       "      <th></th>\n",
       "      <th></th>\n",
       "      <th></th>\n",
       "      <th></th>\n",
       "      <th></th>\n",
       "      <th></th>\n",
       "      <th></th>\n",
       "      <th></th>\n",
       "      <th></th>\n",
       "      <th></th>\n",
       "      <th></th>\n",
       "      <th></th>\n",
       "      <th></th>\n",
       "      <th></th>\n",
       "      <th></th>\n",
       "      <th></th>\n",
       "    </tr>\n",
       "  </thead>\n",
       "  <tbody>\n",
       "    <tr>\n",
       "      <th>2014-01-02</th>\n",
       "      <td>NaN</td>\n",
       "      <td>NaN</td>\n",
       "      <td>NaN</td>\n",
       "      <td>NaN</td>\n",
       "      <td>NaN</td>\n",
       "      <td>NaN</td>\n",
       "      <td>NaN</td>\n",
       "      <td>NaN</td>\n",
       "      <td>NaN</td>\n",
       "      <td>NaN</td>\n",
       "      <td>NaN</td>\n",
       "      <td>NaN</td>\n",
       "      <td>NaN</td>\n",
       "      <td>NaN</td>\n",
       "      <td>NaN</td>\n",
       "      <td>NaN</td>\n",
       "    </tr>\n",
       "    <tr>\n",
       "      <th>2014-01-03</th>\n",
       "      <td>-0.000210</td>\n",
       "      <td>0.000174</td>\n",
       "      <td>0.003647</td>\n",
       "      <td>-0.001260</td>\n",
       "      <td>0.005920</td>\n",
       "      <td>-0.000750</td>\n",
       "      <td>-0.002443</td>\n",
       "      <td>0.000376</td>\n",
       "      <td>0.000125</td>\n",
       "      <td>-0.000322</td>\n",
       "      <td>-0.006083</td>\n",
       "      <td>-0.004843</td>\n",
       "      <td>0.010883</td>\n",
       "      <td>0.000679</td>\n",
       "      <td>0.001882</td>\n",
       "      <td>-0.014122</td>\n",
       "    </tr>\n",
       "    <tr>\n",
       "      <th>2014-01-06</th>\n",
       "      <td>-0.002634</td>\n",
       "      <td>0.000868</td>\n",
       "      <td>-0.004145</td>\n",
       "      <td>-0.009630</td>\n",
       "      <td>0.005886</td>\n",
       "      <td>0.001581</td>\n",
       "      <td>0.004358</td>\n",
       "      <td>0.001313</td>\n",
       "      <td>0.000873</td>\n",
       "      <td>0.005989</td>\n",
       "      <td>0.001847</td>\n",
       "      <td>0.003355</td>\n",
       "      <td>0.000000</td>\n",
       "      <td>-0.001359</td>\n",
       "      <td>-0.001254</td>\n",
       "      <td>-0.005348</td>\n",
       "    </tr>\n",
       "    <tr>\n",
       "      <th>2014-01-07</th>\n",
       "      <td>0.006413</td>\n",
       "      <td>0.006747</td>\n",
       "      <td>0.002986</td>\n",
       "      <td>0.004066</td>\n",
       "      <td>-0.001869</td>\n",
       "      <td>0.000831</td>\n",
       "      <td>0.000695</td>\n",
       "      <td>0.000468</td>\n",
       "      <td>0.001246</td>\n",
       "      <td>-0.003846</td>\n",
       "      <td>-0.006109</td>\n",
       "      <td>-0.002235</td>\n",
       "      <td>-0.005008</td>\n",
       "      <td>0.004523</td>\n",
       "      <td>0.003132</td>\n",
       "      <td>0.000298</td>\n",
       "    </tr>\n",
       "    <tr>\n",
       "      <th>2014-01-08</th>\n",
       "      <td>0.000733</td>\n",
       "      <td>-0.000517</td>\n",
       "      <td>0.001490</td>\n",
       "      <td>-0.001777</td>\n",
       "      <td>0.001602</td>\n",
       "      <td>-0.003746</td>\n",
       "      <td>-0.003657</td>\n",
       "      <td>-0.003003</td>\n",
       "      <td>-0.003243</td>\n",
       "      <td>-0.001821</td>\n",
       "      <td>-0.001301</td>\n",
       "      <td>-0.002240</td>\n",
       "      <td>-0.005034</td>\n",
       "      <td>-0.000452</td>\n",
       "      <td>-0.001251</td>\n",
       "      <td>-0.012586</td>\n",
       "    </tr>\n",
       "  </tbody>\n",
       "</table>\n",
       "</div>"
      ],
      "text/plain": [
       "                 VTI       VGK       VPL       VWO       PFF       IEI  \\\n",
       "Date                                                                     \n",
       "2014-01-02       NaN       NaN       NaN       NaN       NaN       NaN   \n",
       "2014-01-03 -0.000210  0.000174  0.003647 -0.001260  0.005920 -0.000750   \n",
       "2014-01-06 -0.002634  0.000868 -0.004145 -0.009630  0.005886  0.001581   \n",
       "2014-01-07  0.006413  0.006747  0.002986  0.004066 -0.001869  0.000831   \n",
       "2014-01-08  0.000733 -0.000517  0.001490 -0.001777  0.001602 -0.003746   \n",
       "\n",
       "                 BWX       AGG       BND       FXY       FXF       UDN  \\\n",
       "Date                                                                     \n",
       "2014-01-02       NaN       NaN       NaN       NaN       NaN       NaN   \n",
       "2014-01-03 -0.002443  0.000376  0.000125 -0.000322 -0.006083 -0.004843   \n",
       "2014-01-06  0.004358  0.001313  0.000873  0.005989  0.001847  0.003355   \n",
       "2014-01-07  0.000695  0.000468  0.001246 -0.003846 -0.006109 -0.002235   \n",
       "2014-01-08 -0.003657 -0.003003 -0.003243 -0.001821 -0.001301 -0.002240   \n",
       "\n",
       "                 IAU       AOA       AOK       USO  \n",
       "Date                                                \n",
       "2014-01-02       NaN       NaN       NaN       NaN  \n",
       "2014-01-03  0.010883  0.000679  0.001882 -0.014122  \n",
       "2014-01-06  0.000000 -0.001359 -0.001254 -0.005348  \n",
       "2014-01-07 -0.005008  0.004523  0.003132  0.000298  \n",
       "2014-01-08 -0.005034 -0.000452 -0.001251 -0.012586  "
      ]
     },
     "execution_count": 4,
     "metadata": {},
     "output_type": "execute_result"
    }
   ],
   "source": [
    "returns = np.log(data / data.shift(1))\n",
    "returns.head()"
   ]
  },
  {
   "cell_type": "code",
   "execution_count": 5,
   "metadata": {},
   "outputs": [
    {
     "data": {
      "text/html": [
       "<div>\n",
       "<style scoped>\n",
       "    .dataframe tbody tr th:only-of-type {\n",
       "        vertical-align: middle;\n",
       "    }\n",
       "\n",
       "    .dataframe tbody tr th {\n",
       "        vertical-align: top;\n",
       "    }\n",
       "\n",
       "    .dataframe thead th {\n",
       "        text-align: right;\n",
       "    }\n",
       "</style>\n",
       "<table border=\"1\" class=\"dataframe\">\n",
       "  <thead>\n",
       "    <tr style=\"text-align: right;\">\n",
       "      <th></th>\n",
       "      <th>VTI</th>\n",
       "      <th>VGK</th>\n",
       "      <th>VPL</th>\n",
       "      <th>VWO</th>\n",
       "      <th>PFF</th>\n",
       "      <th>IEI</th>\n",
       "      <th>BWX</th>\n",
       "      <th>AGG</th>\n",
       "      <th>BND</th>\n",
       "      <th>FXY</th>\n",
       "      <th>FXF</th>\n",
       "      <th>UDN</th>\n",
       "      <th>IAU</th>\n",
       "      <th>AOA</th>\n",
       "      <th>AOK</th>\n",
       "      <th>USO</th>\n",
       "    </tr>\n",
       "  </thead>\n",
       "  <tbody>\n",
       "    <tr>\n",
       "      <th>VTI</th>\n",
       "      <td>0.017469</td>\n",
       "      <td>0.016119</td>\n",
       "      <td>0.015013</td>\n",
       "      <td>0.018118</td>\n",
       "      <td>0.003125</td>\n",
       "      <td>-0.001397</td>\n",
       "      <td>-0.000551</td>\n",
       "      <td>-0.000882</td>\n",
       "      <td>-0.001001</td>\n",
       "      <td>-0.004724</td>\n",
       "      <td>-0.002127</td>\n",
       "      <td>-0.000542</td>\n",
       "      <td>-0.002571</td>\n",
       "      <td>0.013300</td>\n",
       "      <td>0.004605</td>\n",
       "      <td>0.014422</td>\n",
       "    </tr>\n",
       "    <tr>\n",
       "      <th>VGK</th>\n",
       "      <td>0.016119</td>\n",
       "      <td>0.024796</td>\n",
       "      <td>0.017545</td>\n",
       "      <td>0.022054</td>\n",
       "      <td>0.003435</td>\n",
       "      <td>-0.001302</td>\n",
       "      <td>0.002145</td>\n",
       "      <td>-0.000823</td>\n",
       "      <td>-0.000963</td>\n",
       "      <td>-0.003800</td>\n",
       "      <td>0.001182</td>\n",
       "      <td>0.003254</td>\n",
       "      <td>-0.001137</td>\n",
       "      <td>0.014666</td>\n",
       "      <td>0.005285</td>\n",
       "      <td>0.018679</td>\n",
       "    </tr>\n",
       "    <tr>\n",
       "      <th>VPL</th>\n",
       "      <td>0.015013</td>\n",
       "      <td>0.017545</td>\n",
       "      <td>0.020117</td>\n",
       "      <td>0.021108</td>\n",
       "      <td>0.003189</td>\n",
       "      <td>-0.001044</td>\n",
       "      <td>0.000654</td>\n",
       "      <td>-0.000541</td>\n",
       "      <td>-0.000673</td>\n",
       "      <td>-0.003805</td>\n",
       "      <td>-0.000746</td>\n",
       "      <td>0.000617</td>\n",
       "      <td>-0.001165</td>\n",
       "      <td>0.013210</td>\n",
       "      <td>0.004843</td>\n",
       "      <td>0.015469</td>\n",
       "    </tr>\n",
       "    <tr>\n",
       "      <th>VWO</th>\n",
       "      <td>0.018118</td>\n",
       "      <td>0.022054</td>\n",
       "      <td>0.021108</td>\n",
       "      <td>0.033425</td>\n",
       "      <td>0.004016</td>\n",
       "      <td>-0.001113</td>\n",
       "      <td>0.001992</td>\n",
       "      <td>-0.000438</td>\n",
       "      <td>-0.000575</td>\n",
       "      <td>-0.003461</td>\n",
       "      <td>-0.000202</td>\n",
       "      <td>0.001817</td>\n",
       "      <td>0.000446</td>\n",
       "      <td>0.016333</td>\n",
       "      <td>0.006107</td>\n",
       "      <td>0.022914</td>\n",
       "    </tr>\n",
       "    <tr>\n",
       "      <th>PFF</th>\n",
       "      <td>0.003125</td>\n",
       "      <td>0.003435</td>\n",
       "      <td>0.003189</td>\n",
       "      <td>0.004016</td>\n",
       "      <td>0.002455</td>\n",
       "      <td>0.000038</td>\n",
       "      <td>0.000338</td>\n",
       "      <td>0.000244</td>\n",
       "      <td>0.000219</td>\n",
       "      <td>-0.000503</td>\n",
       "      <td>-0.000293</td>\n",
       "      <td>0.000009</td>\n",
       "      <td>0.000098</td>\n",
       "      <td>0.002696</td>\n",
       "      <td>0.001157</td>\n",
       "      <td>0.003724</td>\n",
       "    </tr>\n",
       "    <tr>\n",
       "      <th>IEI</th>\n",
       "      <td>-0.001397</td>\n",
       "      <td>-0.001302</td>\n",
       "      <td>-0.001044</td>\n",
       "      <td>-0.001113</td>\n",
       "      <td>0.000038</td>\n",
       "      <td>0.000824</td>\n",
       "      <td>0.001028</td>\n",
       "      <td>0.000780</td>\n",
       "      <td>0.000791</td>\n",
       "      <td>0.001483</td>\n",
       "      <td>0.000895</td>\n",
       "      <td>0.000568</td>\n",
       "      <td>0.001601</td>\n",
       "      <td>-0.000923</td>\n",
       "      <td>0.000085</td>\n",
       "      <td>-0.001556</td>\n",
       "    </tr>\n",
       "    <tr>\n",
       "      <th>BWX</th>\n",
       "      <td>-0.000551</td>\n",
       "      <td>0.002145</td>\n",
       "      <td>0.000654</td>\n",
       "      <td>0.001992</td>\n",
       "      <td>0.000338</td>\n",
       "      <td>0.001028</td>\n",
       "      <td>0.004532</td>\n",
       "      <td>0.001056</td>\n",
       "      <td>0.001055</td>\n",
       "      <td>0.004017</td>\n",
       "      <td>0.003810</td>\n",
       "      <td>0.004090</td>\n",
       "      <td>0.004637</td>\n",
       "      <td>0.000472</td>\n",
       "      <td>0.000816</td>\n",
       "      <td>0.001959</td>\n",
       "    </tr>\n",
       "    <tr>\n",
       "      <th>AGG</th>\n",
       "      <td>-0.000882</td>\n",
       "      <td>-0.000823</td>\n",
       "      <td>-0.000541</td>\n",
       "      <td>-0.000438</td>\n",
       "      <td>0.000244</td>\n",
       "      <td>0.000780</td>\n",
       "      <td>0.001056</td>\n",
       "      <td>0.000907</td>\n",
       "      <td>0.000875</td>\n",
       "      <td>0.001315</td>\n",
       "      <td>0.000747</td>\n",
       "      <td>0.000491</td>\n",
       "      <td>0.001510</td>\n",
       "      <td>-0.000490</td>\n",
       "      <td>0.000302</td>\n",
       "      <td>-0.001227</td>\n",
       "    </tr>\n",
       "    <tr>\n",
       "      <th>BND</th>\n",
       "      <td>-0.001001</td>\n",
       "      <td>-0.000963</td>\n",
       "      <td>-0.000673</td>\n",
       "      <td>-0.000575</td>\n",
       "      <td>0.000219</td>\n",
       "      <td>0.000791</td>\n",
       "      <td>0.001055</td>\n",
       "      <td>0.000875</td>\n",
       "      <td>0.000922</td>\n",
       "      <td>0.001393</td>\n",
       "      <td>0.000749</td>\n",
       "      <td>0.000470</td>\n",
       "      <td>0.001538</td>\n",
       "      <td>-0.000595</td>\n",
       "      <td>0.000272</td>\n",
       "      <td>-0.001266</td>\n",
       "    </tr>\n",
       "    <tr>\n",
       "      <th>FXY</th>\n",
       "      <td>-0.004724</td>\n",
       "      <td>-0.003800</td>\n",
       "      <td>-0.003805</td>\n",
       "      <td>-0.003461</td>\n",
       "      <td>-0.000503</td>\n",
       "      <td>0.001483</td>\n",
       "      <td>0.004017</td>\n",
       "      <td>0.001315</td>\n",
       "      <td>0.001393</td>\n",
       "      <td>0.007929</td>\n",
       "      <td>0.003847</td>\n",
       "      <td>0.003365</td>\n",
       "      <td>0.006149</td>\n",
       "      <td>-0.003245</td>\n",
       "      <td>-0.000509</td>\n",
       "      <td>-0.002519</td>\n",
       "    </tr>\n",
       "    <tr>\n",
       "      <th>FXF</th>\n",
       "      <td>-0.002127</td>\n",
       "      <td>0.001182</td>\n",
       "      <td>-0.000746</td>\n",
       "      <td>-0.000202</td>\n",
       "      <td>-0.000293</td>\n",
       "      <td>0.000895</td>\n",
       "      <td>0.003810</td>\n",
       "      <td>0.000747</td>\n",
       "      <td>0.000749</td>\n",
       "      <td>0.003847</td>\n",
       "      <td>0.011390</td>\n",
       "      <td>0.004584</td>\n",
       "      <td>0.005134</td>\n",
       "      <td>-0.000778</td>\n",
       "      <td>0.000115</td>\n",
       "      <td>-0.000041</td>\n",
       "    </tr>\n",
       "    <tr>\n",
       "      <th>UDN</th>\n",
       "      <td>-0.000542</td>\n",
       "      <td>0.003254</td>\n",
       "      <td>0.000617</td>\n",
       "      <td>0.001817</td>\n",
       "      <td>0.000009</td>\n",
       "      <td>0.000568</td>\n",
       "      <td>0.004090</td>\n",
       "      <td>0.000491</td>\n",
       "      <td>0.000470</td>\n",
       "      <td>0.003365</td>\n",
       "      <td>0.004584</td>\n",
       "      <td>0.005255</td>\n",
       "      <td>0.004096</td>\n",
       "      <td>0.000540</td>\n",
       "      <td>0.000492</td>\n",
       "      <td>0.003153</td>\n",
       "    </tr>\n",
       "    <tr>\n",
       "      <th>IAU</th>\n",
       "      <td>-0.002571</td>\n",
       "      <td>-0.001137</td>\n",
       "      <td>-0.001165</td>\n",
       "      <td>0.000446</td>\n",
       "      <td>0.000098</td>\n",
       "      <td>0.001601</td>\n",
       "      <td>0.004637</td>\n",
       "      <td>0.001510</td>\n",
       "      <td>0.001538</td>\n",
       "      <td>0.006149</td>\n",
       "      <td>0.005134</td>\n",
       "      <td>0.004096</td>\n",
       "      <td>0.017022</td>\n",
       "      <td>-0.001278</td>\n",
       "      <td>0.000421</td>\n",
       "      <td>0.003399</td>\n",
       "    </tr>\n",
       "    <tr>\n",
       "      <th>AOA</th>\n",
       "      <td>0.013300</td>\n",
       "      <td>0.014666</td>\n",
       "      <td>0.013210</td>\n",
       "      <td>0.016333</td>\n",
       "      <td>0.002696</td>\n",
       "      <td>-0.000923</td>\n",
       "      <td>0.000472</td>\n",
       "      <td>-0.000490</td>\n",
       "      <td>-0.000595</td>\n",
       "      <td>-0.003245</td>\n",
       "      <td>-0.000778</td>\n",
       "      <td>0.000540</td>\n",
       "      <td>-0.001278</td>\n",
       "      <td>0.011201</td>\n",
       "      <td>0.004015</td>\n",
       "      <td>0.012702</td>\n",
       "    </tr>\n",
       "    <tr>\n",
       "      <th>AOK</th>\n",
       "      <td>0.004605</td>\n",
       "      <td>0.005285</td>\n",
       "      <td>0.004843</td>\n",
       "      <td>0.006107</td>\n",
       "      <td>0.001157</td>\n",
       "      <td>0.000085</td>\n",
       "      <td>0.000816</td>\n",
       "      <td>0.000302</td>\n",
       "      <td>0.000272</td>\n",
       "      <td>-0.000509</td>\n",
       "      <td>0.000115</td>\n",
       "      <td>0.000492</td>\n",
       "      <td>0.000421</td>\n",
       "      <td>0.004015</td>\n",
       "      <td>0.002039</td>\n",
       "      <td>0.003931</td>\n",
       "    </tr>\n",
       "    <tr>\n",
       "      <th>USO</th>\n",
       "      <td>0.014422</td>\n",
       "      <td>0.018679</td>\n",
       "      <td>0.015469</td>\n",
       "      <td>0.022914</td>\n",
       "      <td>0.003724</td>\n",
       "      <td>-0.001556</td>\n",
       "      <td>0.001959</td>\n",
       "      <td>-0.001227</td>\n",
       "      <td>-0.001266</td>\n",
       "      <td>-0.002519</td>\n",
       "      <td>-0.000041</td>\n",
       "      <td>0.003153</td>\n",
       "      <td>0.003399</td>\n",
       "      <td>0.012702</td>\n",
       "      <td>0.003931</td>\n",
       "      <td>0.108737</td>\n",
       "    </tr>\n",
       "  </tbody>\n",
       "</table>\n",
       "</div>"
      ],
      "text/plain": [
       "          VTI       VGK       VPL       VWO       PFF       IEI       BWX  \\\n",
       "VTI  0.017469  0.016119  0.015013  0.018118  0.003125 -0.001397 -0.000551   \n",
       "VGK  0.016119  0.024796  0.017545  0.022054  0.003435 -0.001302  0.002145   \n",
       "VPL  0.015013  0.017545  0.020117  0.021108  0.003189 -0.001044  0.000654   \n",
       "VWO  0.018118  0.022054  0.021108  0.033425  0.004016 -0.001113  0.001992   \n",
       "PFF  0.003125  0.003435  0.003189  0.004016  0.002455  0.000038  0.000338   \n",
       "IEI -0.001397 -0.001302 -0.001044 -0.001113  0.000038  0.000824  0.001028   \n",
       "BWX -0.000551  0.002145  0.000654  0.001992  0.000338  0.001028  0.004532   \n",
       "AGG -0.000882 -0.000823 -0.000541 -0.000438  0.000244  0.000780  0.001056   \n",
       "BND -0.001001 -0.000963 -0.000673 -0.000575  0.000219  0.000791  0.001055   \n",
       "FXY -0.004724 -0.003800 -0.003805 -0.003461 -0.000503  0.001483  0.004017   \n",
       "FXF -0.002127  0.001182 -0.000746 -0.000202 -0.000293  0.000895  0.003810   \n",
       "UDN -0.000542  0.003254  0.000617  0.001817  0.000009  0.000568  0.004090   \n",
       "IAU -0.002571 -0.001137 -0.001165  0.000446  0.000098  0.001601  0.004637   \n",
       "AOA  0.013300  0.014666  0.013210  0.016333  0.002696 -0.000923  0.000472   \n",
       "AOK  0.004605  0.005285  0.004843  0.006107  0.001157  0.000085  0.000816   \n",
       "USO  0.014422  0.018679  0.015469  0.022914  0.003724 -0.001556  0.001959   \n",
       "\n",
       "          AGG       BND       FXY       FXF       UDN       IAU       AOA  \\\n",
       "VTI -0.000882 -0.001001 -0.004724 -0.002127 -0.000542 -0.002571  0.013300   \n",
       "VGK -0.000823 -0.000963 -0.003800  0.001182  0.003254 -0.001137  0.014666   \n",
       "VPL -0.000541 -0.000673 -0.003805 -0.000746  0.000617 -0.001165  0.013210   \n",
       "VWO -0.000438 -0.000575 -0.003461 -0.000202  0.001817  0.000446  0.016333   \n",
       "PFF  0.000244  0.000219 -0.000503 -0.000293  0.000009  0.000098  0.002696   \n",
       "IEI  0.000780  0.000791  0.001483  0.000895  0.000568  0.001601 -0.000923   \n",
       "BWX  0.001056  0.001055  0.004017  0.003810  0.004090  0.004637  0.000472   \n",
       "AGG  0.000907  0.000875  0.001315  0.000747  0.000491  0.001510 -0.000490   \n",
       "BND  0.000875  0.000922  0.001393  0.000749  0.000470  0.001538 -0.000595   \n",
       "FXY  0.001315  0.001393  0.007929  0.003847  0.003365  0.006149 -0.003245   \n",
       "FXF  0.000747  0.000749  0.003847  0.011390  0.004584  0.005134 -0.000778   \n",
       "UDN  0.000491  0.000470  0.003365  0.004584  0.005255  0.004096  0.000540   \n",
       "IAU  0.001510  0.001538  0.006149  0.005134  0.004096  0.017022 -0.001278   \n",
       "AOA -0.000490 -0.000595 -0.003245 -0.000778  0.000540 -0.001278  0.011201   \n",
       "AOK  0.000302  0.000272 -0.000509  0.000115  0.000492  0.000421  0.004015   \n",
       "USO -0.001227 -0.001266 -0.002519 -0.000041  0.003153  0.003399  0.012702   \n",
       "\n",
       "          AOK       USO  \n",
       "VTI  0.004605  0.014422  \n",
       "VGK  0.005285  0.018679  \n",
       "VPL  0.004843  0.015469  \n",
       "VWO  0.006107  0.022914  \n",
       "PFF  0.001157  0.003724  \n",
       "IEI  0.000085 -0.001556  \n",
       "BWX  0.000816  0.001959  \n",
       "AGG  0.000302 -0.001227  \n",
       "BND  0.000272 -0.001266  \n",
       "FXY -0.000509 -0.002519  \n",
       "FXF  0.000115 -0.000041  \n",
       "UDN  0.000492  0.003153  \n",
       "IAU  0.000421  0.003399  \n",
       "AOA  0.004015  0.012702  \n",
       "AOK  0.002039  0.003931  \n",
       "USO  0.003931  0.108737  "
      ]
     },
     "execution_count": 5,
     "metadata": {},
     "output_type": "execute_result"
    }
   ],
   "source": [
    "returns.cov()*252"
   ]
  },
  {
   "cell_type": "code",
   "execution_count": 6,
   "metadata": {},
   "outputs": [
    {
     "data": {
      "text/plain": [
       "VTI    0.105254\n",
       "VGK    0.027065\n",
       "VPL    0.044355\n",
       "VWO    0.042217\n",
       "PFF    0.055167\n",
       "IEI    0.019224\n",
       "BWX    0.000262\n",
       "AGG    0.028510\n",
       "BND    0.029289\n",
       "FXY   -0.016286\n",
       "FXF   -0.033042\n",
       "UDN   -0.047334\n",
       "IAU    0.006386\n",
       "AOA    0.067684\n",
       "AOK    0.039870\n",
       "USO   -0.178054\n",
       "dtype: float64"
      ]
     },
     "execution_count": 6,
     "metadata": {},
     "output_type": "execute_result"
    }
   ],
   "source": [
    "annual_returns = returns.mean()*252"
   ]
  },
  {
   "cell_type": "markdown",
   "metadata": {},
   "source": [
    "#### 3. 隨機分配資產初始權重"
   ]
  },
  {
   "cell_type": "code",
   "execution_count": 7,
   "metadata": {},
   "outputs": [
    {
     "data": {
      "text/plain": [
       "array([0.0576963 , 0.06495128, 0.01838536, 0.06510661, 0.11522546,\n",
       "       0.03757418, 0.0060915 , 0.07518202, 0.08844177, 0.09932068,\n",
       "       0.06799561, 0.06049589, 0.0925508 , 0.02547012, 0.01330345,\n",
       "       0.11220898])"
      ]
     },
     "execution_count": 7,
     "metadata": {},
     "output_type": "execute_result"
    }
   ],
   "source": [
    "weights = np.random.random(q)\n",
    "weights /= np.sum(weights)\n",
    "weights"
   ]
  },
  {
   "cell_type": "markdown",
   "metadata": {},
   "source": [
    "#### 4. 計算預期組合年化Return、Var、std"
   ]
  },
  {
   "cell_type": "code",
   "execution_count": 8,
   "metadata": {},
   "outputs": [
    {
     "data": {
      "text/plain": [
       "-0.0006525565976051902"
      ]
     },
     "execution_count": 8,
     "metadata": {},
     "output_type": "execute_result"
    }
   ],
   "source": [
    "np.sum(returns.mean()*weights)*252"
   ]
  },
  {
   "cell_type": "code",
   "execution_count": 9,
   "metadata": {},
   "outputs": [
    {
     "data": {
      "text/plain": [
       "0.004274569554422698"
      ]
     },
     "execution_count": 9,
     "metadata": {},
     "output_type": "execute_result"
    }
   ],
   "source": [
    "np.dot(weights.T, np.dot(returns.cov()*252, weights))"
   ]
  },
  {
   "cell_type": "code",
   "execution_count": 10,
   "metadata": {},
   "outputs": [
    {
     "data": {
      "text/plain": [
       "0.06538019237064616"
      ]
     },
     "execution_count": 10,
     "metadata": {},
     "output_type": "execute_result"
    }
   ],
   "source": [
    "np.sqrt(np.dot(weights.T, np.dot(returns.cov()*252, weights)))"
   ]
  },
  {
   "cell_type": "markdown",
   "metadata": {},
   "source": [
    "#### 5. 模擬隨機組合（略）"
   ]
  },
  {
   "cell_type": "markdown",
   "metadata": {},
   "source": [
    "#### 6. 投資組合優化_1（Max Sharpe）"
   ]
  },
  {
   "cell_type": "code",
   "execution_count": 11,
   "metadata": {},
   "outputs": [],
   "source": [
    "def statistics(weights):\n",
    "    weights = np.array(weights)\n",
    "    port_return = np.sum(returns.mean()*weights)*252\n",
    "    port_variance = np.sqrt(np.dot(weights.T, np.dot(returns.cov()*252, weights)))\n",
    "    return np.array([port_return, port_variance, port_return/port_variance])"
   ]
  },
  {
   "cell_type": "code",
   "execution_count": 12,
   "metadata": {},
   "outputs": [
    {
     "data": {
      "text/plain": [
       "     fun: -1.5207719492819014\n",
       "     jac: array([-9.26852226e-06,  2.62638551e+00,  2.04987259e+00,  3.23204985e+00,\n",
       "       -3.40789557e-05,  3.27215344e-02,  1.32196383e+00,  4.42005694e-03,\n",
       "        1.28746033e-05,  1.10631436e+00,  1.52033626e+00,  2.12831402e+00,\n",
       "        1.18810402e+00,  7.72802085e-01,  3.77308384e-01,  9.18282454e+00])\n",
       " message: 'Optimization terminated successfully.'\n",
       "    nfev: 219\n",
       "     nit: 12\n",
       "    njev: 12\n",
       "  status: 0\n",
       " success: True\n",
       "       x: array([1.12221610e-01, 0.00000000e+00, 0.00000000e+00, 0.00000000e+00,\n",
       "       2.20295179e-01, 1.72856114e-14, 8.57796997e-15, 2.09602565e-13,\n",
       "       6.67483211e-01, 1.48279002e-14, 9.59501366e-15, 4.64363566e-15,\n",
       "       1.20638056e-14, 0.00000000e+00, 9.91952691e-15, 0.00000000e+00])"
      ]
     },
     "execution_count": 12,
     "metadata": {},
     "output_type": "execute_result"
    }
   ],
   "source": [
    "# 最小化Sharpe的負值\n",
    "def min_sharpe(weights):\n",
    "    return -statistics(weights)[2]\n",
    "\n",
    "# 限制權重總和為1\n",
    "cons = ({'type': 'eq', 'fun': lambda x: np.sum(x) - 1})\n",
    "# 限制權重範圍在0和1之間\n",
    "bnds = tuple((0,1) for x in range(q))\n",
    "# 優化起始參數值(x0)\n",
    "opts = sco.minimize(min_sharpe, q*[1./q,], method='SLSQP', bounds=bnds, constraints=cons)\n",
    "\n",
    "opts"
   ]
  },
  {
   "cell_type": "code",
   "execution_count": 13,
   "metadata": {},
   "outputs": [
    {
     "data": {
      "text/plain": [
       "array([0.112, 0.   , 0.   , 0.   , 0.22 , 0.   , 0.   , 0.   , 0.667,\n",
       "       0.   , 0.   , 0.   , 0.   , 0.   , 0.   , 0.   ])"
      ]
     },
     "execution_count": 13,
     "metadata": {},
     "output_type": "execute_result"
    }
   ],
   "source": [
    "# 最優組合的權重向量\n",
    "opts['x'].round(3)"
   ]
  },
  {
   "cell_type": "code",
   "execution_count": 14,
   "metadata": {},
   "outputs": [
    {
     "data": {
      "text/plain": [
       "array([0.04346134, 0.02857848, 1.52077167])"
      ]
     },
     "execution_count": 14,
     "metadata": {},
     "output_type": "execute_result"
    }
   ],
   "source": [
    "#Tangency portfolio 的預期收益率、預期波動率、最大Sharpe\n",
    "statistics(opts['x'].round(3))"
   ]
  },
  {
   "cell_type": "markdown",
   "metadata": {},
   "source": [
    "#### 7. 投資組合優化_2（Minimum-Variance portfolio)"
   ]
  },
  {
   "cell_type": "code",
   "execution_count": 15,
   "metadata": {},
   "outputs": [
    {
     "data": {
      "text/plain": [
       "     fun: 0.02362078666199771\n",
       "     jac: array([0.0236491 , 0.02934392, 0.02976677, 0.0432169 , 0.02366963,\n",
       "       0.02360686, 0.03897756, 0.02471685, 0.02456166, 0.03566042,\n",
       "       0.02701881, 0.02370187, 0.05053752, 0.02563529, 0.02372912,\n",
       "       0.02364175])\n",
       " message: 'Optimization terminated successfully.'\n",
       "    nfev: 540\n",
       "     nit: 30\n",
       "    njev: 30\n",
       "  status: 0\n",
       " success: True\n",
       "       x: array([7.03705273e-02, 0.00000000e+00, 5.25838054e-18, 0.00000000e+00,\n",
       "       1.21073105e-01, 7.73541785e-01, 0.00000000e+00, 0.00000000e+00,\n",
       "       0.00000000e+00, 0.00000000e+00, 3.19839641e-18, 2.84161415e-02,\n",
       "       0.00000000e+00, 0.00000000e+00, 4.87591935e-03, 1.72252186e-03])"
      ]
     },
     "execution_count": 15,
     "metadata": {},
     "output_type": "execute_result"
    }
   ],
   "source": [
    "def min_variance(weights):\n",
    "    return statistics(weights)[1]\n",
    "\n",
    "optv = sco.minimize(min_variance, q*[1./q,], method='SLSQP',bounds=bnds, constraints=cons)\n",
    "\n",
    "optv"
   ]
  },
  {
   "cell_type": "code",
   "execution_count": 20,
   "metadata": {},
   "outputs": [
    {
     "data": {
      "text/plain": [
       "array([0.02749959, 0.02362079, 1.16421131])"
      ]
     },
     "execution_count": 20,
     "metadata": {},
     "output_type": "execute_result"
    }
   ],
   "source": [
    "# MVP 的預期收益率、預期波動率、最大Sharpe\n",
    "statistics(optv['x'])"
   ]
  },
  {
   "cell_type": "markdown",
   "metadata": {},
   "source": [
    "#### 8. 組合的有效前緣"
   ]
  },
  {
   "cell_type": "code",
   "execution_count": 17,
   "metadata": {},
   "outputs": [],
   "source": [
    "def min_variance(weights):\n",
    "    return statistics(weights)[1]\n",
    "\n",
    "# 在不同目標收益率(target_returns)水平循環時，最小化的約束條件會變化\n",
    "target_returns = np.linspace(statistics(optv['x'])[0], annual_returns.max(), 50)\n",
    "target_variance = []\n",
    "#cnt = 0\n",
    "\n",
    "for tar in target_returns:\n",
    "    #cnt+=1\n",
    "    cons = ({'type':'eq', 'fun': lambda x: statistics(x)[0]-tar},\n",
    "           {'type':'eq', 'fun': lambda x: np.sum(x) - 1})\n",
    "    res = sco.minimize(min_variance, q*[1./q,], method='SLSQP', bounds=bnds, constraints=cons)\n",
    "    target_variance.append(res['fun'])\n",
    "    #print(cnt)\n",
    "\n",
    "target_variance = np.array(target_variance)"
   ]
  },
  {
   "cell_type": "code",
   "execution_count": 23,
   "metadata": {},
   "outputs": [
    {
     "data": {
